11                        222
11                        222
                          222
                          222
                          222
                          222
                          222
                          222
                          222
                          222
     11                   222
     11                   222
                          222
                          222
                          222
                          222
                          222
                          222
                          222
                          222
          11              222
          11              222
                          222
                          222
                          222
                          222
                          222
                          222
                          222
                          222
               11         222
               11         222
                          222
                          222
                          222
                          222
                          222
                          222
                          222
                          222
                     11   222
                     11   222
                          222
                          222
                          222
                          222
                          222
                          222
                          222
                          222
                          222
                          222
                          222
                          222
                          222
                          222
                          222
                          222
                          222
                          222
