                                                  22222
                                                  22222
                                                  22222
                                                  22222
                                                  22222
                                                  22222
                                                  22222
                                                  22222
                                                  22222
                                                  22222
11                            11                  22222
11                            11                  22222
                                                  22222
                                                  22222
                                                  22222
                                                  22222
                                                  22222
                                                  22222
                                                  22222
                                                  22222
                                                  22222
                                                  22222
  11                            11                22222
  11                            11                22222
                                                  22222
                                                  22222
                                                  22222
                                                  22222
                                                  22222
                                                  22222
                                                  22222
                                                  22222
                                                  22222
                                                  22222
    11                            11              22222
    11                            11              22222
                                                  22222
                                                  22222
                                                  22222
                                                  22222
                                                  22222
                                                  22222
                                                  22222
                                                  22222
                                                  22222
                                                  22222
      11                            11            22222
      11                            11            22222
                                                  22222
                                                  22222
                                                  22222
                                                  22222
                                                  22222
                                                  22222
                                                  22222
                                                  22222
                                                  22222
                                                  22222
        11                            11          22222
        11                            11          22222
